4 0.671875 0.7140625 0.15625 0.0640625
2 0.3734375 0.6171875 0.228125 0.21875
7 0.3609375 0.6984375 0.078125 0.0265625
2 0.2203125 0.6234375 0.0640625 0.1
6 0.1390625 0.6765625 0.09375 0.1
8 0.103125 0.6109375 0.040625 0.1
8 0.1421875 0.6109375 0.0375 0.096875
5 0.09375 0.5578125 0.0234375 0.034375
5 0.125 0.553125 0.0296875 0.0265625
6 0.0375 0.646875 0.0734375 0.1125
8 0.0171875 0.60546875 0.034375 0.1390625
5 0.0109375 0.55 0.0109375 0.0296875
2 0.921875 0.6140625 0.153125 0.25625
2 0.6109375 0.6171875 0.1375 0.09375
7 0.63125 0.61875 0.040625 0.0203125
7 0.0859375 0.6984375 0.028125 0.0203125
6 0.7109375 0.61875 0.046875 0.04375
8 0.7078125 0.59375 0.01875 0.0546875
5 0.703125 0.571875 0.0109375 0.0125