0 0.6109375 0.6796875 0.1328125 0.1375
10 0.3828125 0.6015625 0.103125 0.146875
7 0.4078125 0.634375 0.028125 0.025
2 0.4890625 0.584375 0.071875 0.0703125
6 0.60625 0.5984375 0.0359375 0.034375
8 0.6046875 0.5796875 0.01875 0.03125
8 0.5953125 0.5671875 0.009375 0.0265625
5 0.6015625 0.553125 0.0078125 0.0109375
5 0.609375 0.5640625 0.0109375 0.0125
10 0.6421875 0.5828125 0.034375 0.05625
6 0.9609375 0.6703125 0.078125 0.08125
8 0.9609375 0.59375 0.0390625 0.0875
5 0.9703125 0.55625 0.03125 0.0359375