3 0.6015625 0.6421875 0.503125 0.05
10 0.3484375 0.5578125 0.059375 0.0734375
7 0.3546875 0.584375 0.015625 0.0078125
2 0.0828125 0.6359375 0.13125 0.171875
2 0.65625 0.571875 0.0609375 0.053125
2 0.8171875 0.5640625 0.0609375 0.05
2 0.709375 0.559375 0.034375 0.0359375
1 0.659375 0.525 0.053125 0.025
6 0.5578125 0.56875 0.025 0.028125
4 0.71875 0.7078125 0.2015625 0.034375
8 0.559375 0.5515625 0.01875 0.034375
5 0.5609375 0.5375 0.0125 0.0078125
2 0.46875 0.5375 0.0234375 0.0234375
6 0.528125 0.55625 0.01875 0.0203125
8 0.525 0.54375 0.0140625 0.0296875