4 0.659375 0.6421875 0.16875 0.071875
3 0.3578125 0.58125 0.1015625 0.046875
3 0.7921875 0.565625 0.1421875 0.028125
6 0.6796875 0.5609375 0.05 0.053125
8 0.68125 0.5109375 0.03125 0.0546875
5 0.68125 0.490625 0.0203125 0.0203125
6 0.55625 0.528125 0.0171875 0.0265625
6 0.60625 0.528125 0.028125 0.0265625
8 0.5546875 0.5046875 0.0125 0.028125
8 0.609375 0.50625 0.021875 0.0296875
2 0.19375 0.55 0.134375 0.1328125
2 0.4671875 0.5375 0.0828125 0.103125
7 0.146875 0.5921875 0.0234375 0.0234375
7 0.4640625 0.575 0.0296875 0.0203125
2 0.3765625 0.525 0.0484375 0.05
1 0.759375 0.484375 0.0890625 0.1078125