4 0.634375 0.6421875 0.1828125 0.103125
6 0.63125 0.5515625 0.05 0.046875
8 0.65 0.5125 0.0296875 0.0453125
5 0.6453125 0.4828125 0.0125 0.01875
6 0.79375 0.5390625 0.0546875 0.0375
8 0.790625 0.50625 0.03125 0.05625
5 0.7921875 0.48125 0.0125 0.01875
2 0.09375 0.5546875 0.171875 0.146875
2 0.428125 0.5609375 0.1265625 0.1421875
1 0.2875 0.484375 0.1015625 0.1375
10 0.5859375 0.5046875 0.025 0.03125
2 0.5140625 0.5015625 0.0203125 0.01875
5 0.634375 0.48125 0.0109375 0.0125
8 0.625 0.503125 0.0234375 0.021875