2 0.225 0.5390625 0.134375 0.109375
2 0.4734375 0.5421875 0.0890625 0.09375
6 0.85625 0.628125 0.125 0.09375
6 0.56875 0.54375 0.03125 0.034375
6 0.6484375 0.55 0.040625 0.0390625
7 0.190625 0.575 0.021875 0.0234375
7 0.4671875 0.571875 0.0203125 0.0234375
2 0.3859375 0.5234375 0.05 0.0421875
1 0.6015625 0.4890625 0.0359375 0.084375
8 0.8671875 0.53125 0.0625 0.1203125
5 0.8734375 0.484375 0.03125 0.034375
8 0.65625 0.5078125 0.021875 0.05
5 0.6546875 0.4859375 0.009375 0.0125
8 0.56875 0.5140625 0.025 0.0375
5 0.565625 0.490625 0.0078125 0.0125
4 0.634375 0.6328125 0.1515625 0.1015625
3 0.715625 0.5453125 0.0734375 0.028125
9 0.3515625 0.60625 0.065625 0.090625