3 0.528125 0.6609375 0.3390625 0.1109375
2 0.1953125 0.5375 0.1890625 0.209375
2 0.403125 0.471875 0.0828125 0.1046875
2 0.5609375 0.4609375 0.1140625 0.14375
7 0.5515625 0.49375 0.0390625 0.0234375
6 0.7421875 0.56875 0.0703125 0.1109375
8 0.75625 0.4703125 0.0359375 0.1140625
5 0.75625 0.43125 0.0265625 0.0359375
6 0.8015625 0.5203125 0.0234375 0.0609375
8 0.7984375 0.4578125 0.0203125 0.0546875
5 0.803125 0.4375 0.0109375 0.0171875
10 0.84375 0.478125 0.0421875 0.090625
7 0.771875 0.5625 0.0359375 0.0359375