4 0.5984375 0.625 0.08125 0.1078125
6 0.7546875 0.609375 0.1171875 0.071875
6 0.659375 0.55625 0.0375 0.046875
2 0.428125 0.553125 0.115625 0.1234375
2 0.28125 0.53125 0.0921875 0.09375
2 0.5171875 0.5234375 0.0359375 0.0484375
7 0.2671875 0.55625 0.021875 0.0125
8 0.6734375 0.5125 0.0171875 0.0578125
5 0.671875 0.4859375 0.0125 0.0140625
5 0.6578125 0.4875 0.015625 0.015625
8 0.7703125 0.528125 0.046875 0.115625
5 0.7671875 0.4828125 0.03125 0.0328125
6 0.58125 0.53125 0.0171875 0.0296875
2 0.896875 0.5359375 0.1375 0.15
2 0.6234375 0.5125 0.0171875 0.0328125
10 0.6984375 0.50625 0.0203125 0.03125