4 0.63125 0.68125 0.1921875 0.1234375
12 0.1453125 0.571875 0.21875 0.2984375
2 0.384375 0.559375 0.0640625 0.05625
2 0.8265625 0.5734375 0.1 0.084375
10 0.6796875 0.55 0.0265625 0.034375
0 0.703125 0.5984375 0.0875 0.040625
6 0.634375 0.5890625 0.046875 0.0515625
8 0.6375 0.5609375 0.0140625 0.0375
8 0.621875 0.5515625 0.015625 0.0296875
5 0.6375 0.5375 0.0109375 0.021875
5 0.628125 0.5359375 0.0140625 0.0171875
2 0.5921875 0.5515625 0.0296875 0.0234375
10 0.5484375 0.540625 0.0171875 0.0171875
6 0.5296875 0.565625 0.0203125 0.0234375
8 0.534375 0.5484375 0.009375 0.0234375
8 0.5265625 0.54375 0.0078125 0.0265625