4 0.7734375 0.64375 0.1828125 0.09375
1 0.4265625 0.44375 0.165625 0.1859375
6 0.646875 0.5453125 0.0421875 0.053125
6 0.7140625 0.5453125 0.0421875 0.05625
6 0.5859375 0.5296875 0.0390625 0.0421875
7 0.6390625 0.5453125 0.0234375 0.015625
7 0.715625 0.5296875 0.028125 0.0140625
7 0.5859375 0.5265625 0.0203125 0.0109375
8 0.590625 0.4921875 0.0234375 0.0671875
8 0.640625 0.4953125 0.0265625 0.078125
8 0.715625 0.5015625 0.025 0.084375
5 0.5890625 0.4609375 0.0203125 0.021875
5 0.65 0.4640625 0.01875 0.025
5 0.7171875 0.46875 0.0140625 0.01875
2 0.5609375 0.5 0.0234375 0.0578125
2 0.5296875 0.490625 0.0375 0.059375
12 0.23125 0.475 0.1875 0.096875