4 0.7171875 0.61875 0.184375 0.0546875
6 0.659375 0.5296875 0.0609375 0.065625
6 0.8921875 0.5625 0.1078125 0.06875
8 0.6625 0.4703125 0.0375 0.078125
5 0.6609375 0.44375 0.0171875 0.0203125
8 0.8890625 0.4859375 0.0203125 0.0953125
8 0.9234375 0.484375 0.0453125 0.096875
5 0.8953125 0.446875 0.0078125 0.01875
5 0.9109375 0.4421875 0.0234375 0.0234375
2 0.2 0.5125 0.16875 0.134375
2 0.4984375 0.5015625 0.0875 0.0984375
7 0.153125 0.565625 0.0234375 0.021875
7 0.496875 0.5328125 0.0234375 0.01875
1 0.59375 0.453125 0.0546875 0.0859375
6 0.0359375 0.5609375 0.065625 0.0765625
8 0.0234375 0.49375 0.040625 0.09375
5 0.015625 0.4625 0.015625 0.0234375
9 0.371875 0.5703125 0.11875 0.0875